1000 1829355
2000 9278082
3000 23626737
4000 45967424
5000 104164240
6000 197463838
7000 430353557
8000 738028737
9000 1090839927
10000 1816859451
11000 2426835786
12000 3344962539
13000 4411439059
14000 5599559723
15000 6645469525
16000 8056500316
17000 9871900123
18000 11220959584
19000 13859910436
20000 15538011423
21000 17244476713
22000 19520157077
23000 21868930170
24000 25081028868
25000 26952007175
26000 30198327162
27000 33547502239
28000 36268153301
29000 39052914266
30000 42591268986
31000 46541372141
32000 49220807251
33000 52961246096
34000 57569660826
35000 60728423805
36000 65258679597
37000 69146737370
38000 79630979067
39000 78073128303
40000 83852378957
41000 87271742161
42000 93205879470
43000 97014800481
44000 102946682116
45000 108452096126
46000 113955584357
47000 117932632621
48000 124715613118
49000 130148205203
50000 135276958418
