1, 21168
2, 6010
3, 6454
4, 7023
5, 7348
6, 8053
7, 8614
8, 8393
9, 9453
10, 9576
11, 9876
12, 11568
13, 11554
14, 12315
15, 13266
16, 13046
17, 14517
18, 15283
19, 16178
20, 16276
21, 17533
22, 17388
23, 17906
24, 19161
25, 19482
26, 19571
27, 22215
28, 22687
29, 21581
30, 24431
31, 23713
32, 26257
33, 26259
34, 26921
35, 40212
36, 28483
37, 31805
38, 30495
39, 32377
40, 33865
41, 32777
42, 36251
43, 37394
44, 38105
45, 39321
46, 40579
47, 41204
48, 42127
49, 44096
50, 56018
51, 48257
52, 46483
53, 49762
54, 47930
55, 51731
56, 50189
57, 53220
58, 55102
59, 53471
60, 153601
61, 72734
62, 59141
63, 63644
64, 62774
65, 169029
66, 67316
67, 67928
68, 68030
69, 72770
70, 71736
71, 86399
72, 75792
73, 78609
74, 78318
75, 80452
76, 77185
77, 84056
78, 82474
79, 98303
80, 89108
81, 90519
82, 188496
83, 96039
84, 96515
85, 99583
86, 99365
87, 115727
88, 103879
89, 105047
90, 109219
91, 107195
92, 106371
93, 125979
94, 115173
95, 114903
96, 144792
97, 122356
98, 122798
99, 126042
100, 207086
101, 209936
102, 129586
103, 131668
104, 133034
105, 128516
106, 152840
107, 141361
108, 144190
109, 145688
110, 140539
111, 150821
112, 163737
113, 154310
114, 158583
115, 158037
116, 156064
117, 500289
118, 164149
119, 230915
120, 171349
121, 167835
122, 186490
123, 181151
124, 178741
125, 184103
126, 173941
127, 199442
128, 185601
129, 194336
130, 247961
131, 250431
132, 270405
133, 204782
134, 200613
135, 207000
136, 216445
137, 395254
138, 215481
139, 276760
140, 653815
141, 241601
142, 232071
143, 223161
144, 235653
145, 284006
146, 238669
147, 249188
148, 238105
149, 252579
150, 363232
151, 250545
152, 248821
153, 370655
154, 265558
155, 260908
156, 279368
157, 246887
158, 301446
159, 269574
160, 384109
161, 270860
162, 427627
163, 288966
164, 282620
165, 299989
166, 304383
167, 474070
168, 290195
169, 308719
170, 306231
171, 307737
172, 317887
173, 332323
174, 321079
175, 421407
176, 318109
177, 414416
178, 337981
179, 332631
180, 356114
181, 343788
182, 369721
183, 343596
184, 353754
185, 347552
186, 357943
187, 440957
188, 357966
189, 566301
190, 403896
191, 374949
192, 371457
193, 391198
194, 425981
195, 511735
196, 399722
197, 389727
198, 408394
199, 413334
200, 430342
201, 408118
202, 417774
203, 420687
204, 416730
205, 640159
206, 594632
207, 431024
208, 418890
209, 428526
210, 442227
211, 507211
212, 455189
213, 460259
214, 461511
215, 575809
216, 457983
217, 458738
218, 473956
219, 509937
220, 489808
221, 536323
222, 504309
223, 511699
224, 573969
225, 607171
226, 528931
227, 521851
228, 493038
229, 637475
230, 515151
231, 607070
232, 538688
233, 626728
234, 520121
235, 538518
236, 633236
237, 560686
238, 564863
239, 621126
240, 593438
241, 545562
242, 643597
243, 565252
244, 561712
245, 604307
246, 648383
247, 675547
248, 591940
249, 612698
250, 617080
251, 620684
252, 685464
253, 623648
254, 677464
255, 713877
256, 626920
257, 725257
258, 630376
259, 634675
260, 686312
261, 727165
262, 769638
263, 767627
264, 687822
265, 750980
266, 690387
267, 703048
268, 750740
269, 743819
270, 714245
271, 728383
272, 684261
273, 718061
274, 731762
275, 751447
276, 765476
277, 746176
278, 751407
279, 745845
280, 859259
281, 769624
282, 710455
283, 866083
284, 4698195
285, 883735
286, 781247
287, 789767
288, 810246
289, 805189
290, 807712
291, 791705
292, 769146
293, 888109
294, 797089
295, 821054
296, 831218
297, 837134
298, 842480
299, 871951
300, 880300
301, 828774
302, 881899
303, 931279
304, 914037
305, 862541
306, 873243
307, 850519
308, 896208
309, 896866
310, 1043817
311, 956682
312, 996029
313, 877188
314, 943014
315, 1083671
316, 929101
317, 934097
318, 999579
319, 1061763
320, 963876
321, 991195
322, 1051777
323, 1047192
324, 1172608
325, 989314
326, 983175
327, 1059602
328, 1018838
329, 1088920
330, 1029690
331, 1005689
332, 1111133
333, 1057893
334, 1030656
335, 1197743
336, 1027857
337, 1051398
338, 1074543
339, 1055714
340, 1104384
341, 1171328
342, 1124973
343, 1113913
344, 1141249
345, 1106788
346, 1200755
347, 1139947
348, 1218892
349, 1152826
350, 1100408
351, 1350353
352, 1129057
353, 1237950
354, 1178627
355, 1139413
356, 1286272
357, 1267325
358, 1200483
359, 1183746
360, 1219766
361, 1337343
362, 1313804
363, 1166042
364, 1249958
365, 1260783
366, 1212072
367, 1228568
368, 1246786
369, 1345883
370, 1274891
371, 1257628
372, 1200562
373, 1375496
374, 1287187
375, 1251633
376, 1513780
377, 1349266
378, 1258741
379, 1476643
380, 1304161
381, 1348841
382, 1461959
383, 1379334
384, 1395361
385, 1417176
386, 1331936
387, 1383927
388, 1473803
389, 1451236
390, 1403475
391, 1329434
392, 1399221
393, 1477399
394, 1353797
395, 1419472
396, 1638630
397, 1544745
398, 1402011
399, 1417818
400, 1456792
401, 1485907
402, 1495546
403, 1452257
404, 1712258
405, 1514330
406, 1460949
407, 1523618
408, 1537401
409, 1592782
410, 1547535
411, 1441632
412, 2044294
413, 1677343
414, 1647616
415, 1621357
416, 1530194
417, 1655547
418, 1540436
419, 1608925
420, 1570940
421, 1697261
422, 1568874
423, 1632507
424, 1641446
425, 1691039
426, 1549973
427, 1653852
428, 1819327
429, 1751821
430, 1648564
431, 1775319
432, 1712200
433, 1651550
434, 1664239
435, 1581394
436, 1715152
437, 1696662
438, 1843678
439, 1734407
440, 1808056
441, 1778759
442, 1792124
443, 1789658
444, 1846985
445, 1714486
446, 1659578
447, 1830577
448, 1795354
449, 2138051
450, 1856848
451, 1896097
452, 1874474
453, 1888963
454, 1834595
455, 1764383
456, 1921792
457, 1957051
458, 1898963
459, 1905848
460, 2057401
461, 1862632
462, 1863927
463, 1965051
464, 1945619
465, 1940511
466, 1831453
467, 1889969
468, 2148129
469, 1909042
470, 1947377
471, 2017765
472, 1898169
473, 1986885
474, 2085597
475, 2220795
476, 1858162
477, 1954911
478, 2073448
479, 1966059
480, 2105310
481, 2036215
482, 2063660
483, 2118026
484, 2069148
485, 2171929
486, 2102629
487, 2216869
488, 2045523
489, 2098838
490, 2088017
491, 2155467
492, 2158235
493, 2278761
494, 2172897
495, 2246477
496, 2197394
497, 2395734
498, 2309431
499, 2122632
500, 2299171
501, 2183868
502, 2363629
503, 2104651
504, 2157866
505, 5134983
506, 2334269
507, 2319310
508, 2379992
509, 2268330
510, 2498383
511, 2263177
512, 2247275
513, 2213350
514, 2314673
515, 2438899
516, 2290500
517, 2409534
518, 2401152
519, 2583375
520, 2296603
521, 2399978
522, 2402622
523, 2640833
524, 2385202
525, 2306621
526, 2543636
527, 2474006
528, 2504673
529, 2444241
530, 2640475
531, 2377993
532, 2511275
533, 2471836
534, 2592121
535, 2604542
536, 2813394
537, 2633310
538, 2715875
539, 2543352
540, 2554038
541, 2750218
542, 2848029
543, 2552836
544, 2591615
545, 2545504
546, 2575769
547, 2780991
548, 2848105
549, 2597446
550, 2821546
551, 2771837
552, 2746980
553, 2729915
554, 2654551
555, 2735317
556, 2768526
557, 2855575
558, 2875514
559, 2723941
560, 2881786
561, 2734359
562, 2682704
563, 2723610
564, 2822818
565, 2842366
566, 2836280
567, 2875341
568, 2791227
569, 2984325
570, 2654197
571, 2744994
572, 3024074
573, 8900871
574, 3106498
575, 2827180
576, 2914333
577, 3013700
578, 3032577
579, 2987841
580, 3069277
581, 3165462
582, 2790441
583, 2827156
584, 3096036
585, 3063541
586, 2853407
587, 3256689
588, 2912532
589, 3089283
590, 3050562
591, 3028232
592, 3269441
593, 2937389
594, 3051619
595, 3001223
596, 3220282
597, 3141491
598, 3246996
599, 3300046
600, 3076422
601, 3087722
602, 3298124
603, 3430059
604, 3228482
605, 3167709
606, 3278012
607, 3306773
608, 3299442
609, 3328081
610, 3280954
611, 3198401
612, 3312220
613, 3166426
614, 3408543
615, 3415365
616, 3391253
617, 3375873
618, 3117459
619, 3327505
620, 3311579
621, 3238566
622, 3287930
623, 3236320
624, 3308709
625, 3239296
626, 3243910
627, 3261787
628, 3253114
629, 3300362
630, 3182367
631, 3205709
632, 3370728
633, 7745969
634, 3556173
635, 3466048
636, 3461327
637, 3518603
638, 3632045
639, 3535799
640, 3488371
641, 3382170
642, 3416131
643, 3741317
644, 3941674
645, 3735083
646, 3813661
647, 4060506
648, 3508006
649, 3540941
650, 3363905
651, 3679381
652, 3722097
653, 3791502
654, 3834716
655, 3950611
656, 3890552
657, 3625693
658, 3648526
659, 5034342
660, 3927640
661, 3858872
662, 3688775
663, 3512490
664, 3713658
665, 3742299
666, 3757653
667, 3840338
668, 3716742
669, 3866271
670, 3898949
671, 4080730
672, 3875359
673, 4002912
674, 3609617
675, 3726220
676, 3934209
677, 4178310
678, 4132578
679, 3886123
680, 3742391
681, 4087455
682, 4004236
683, 3925678
684, 4008086
685, 3756091
686, 4230405
687, 4294421
688, 4433997
689, 4067583
690, 4213059
691, 4011077
692, 4089906
693, 3862539
694, 4259468
695, 4228649
696, 4452510
697, 3958733
698, 4384701
699, 4093669
700, 4201186
701, 3923264
702, 4224217
703, 4171429
704, 4211267
705, 4101674
706, 3887405
707, 4180952
708, 4204552
709, 4241354
710, 3889855
711, 4269166
712, 4368810
713, 4340626
714, 4617038
715, 4420599
716, 4365967
717, 4471131
718, 4513507
719, 4335482
720, 4321336
721, 4392106
722, 4552786
723, 4257760
724, 4464928
725, 4465830
726, 4220765
727, 4420631
728, 4602904
729, 4333648
730, 4723148
731, 4570023
732, 4743900
733, 4752340
734, 4799972
735, 4658797
736, 4902024
737, 4688030
738, 4424380
739, 4708615
740, 4588039
741, 4713763
742, 4449785
743, 4694429
744, 4793243
745, 4507561
746, 4676710
747, 5077616
748, 4750156
749, 4563825
750, 4712381
751, 4676906
752, 4864635
753, 4576965
754, 4770718
755, 4688462
756, 4676681
757, 4890710
758, 4921277
759, 4807912
760, 4768270
761, 4924174
762, 5005686
763, 5526285
764, 4968508
765, 4783055
766, 4923389
767, 4936446
768, 4919305
769, 5211167
770, 4906696
771, 4985400
772, 5248694
773, 5256893
774, 4883946
775, 4983581
776, 5558690
777, 5066510
778, 5017502
779, 5011722
780, 5400321
781, 5343922
782, 5134792
783, 5217161
784, 5057485
785, 5254875
786, 5067224
787, 5193829
788, 5284131
789, 5146670
790, 5274428
791, 5289378
792, 5375978
793, 5457778
794, 5596227
795, 5274706
796, 5316531
797, 5097885
798, 5258391
799, 5407134
800, 5596657
801, 5195535
802, 5272291
803, 5864421
804, 5403303
805, 5517568
806, 5343454
807, 5545488
808, 5610301
809, 5564087
810, 5478458
811, 5572440
812, 5305624
813, 5367142
814, 5618508
815, 5757027
816, 5958503
817, 5557854
818, 5250280
819, 6343767
820, 9935550
821, 5600419
822, 5672203
823, 5958406
824, 5615497
825, 5623347
826, 5777928
827, 5752689
828, 6165173
829, 5795863
830, 5733213
831, 5697766
832, 5636784
833, 5693389
834, 5565126
835, 5901942
836, 5600029
837, 5657699
838, 5920247
839, 6299409
840, 5835008
841, 5812012
842, 5685561
843, 5798415
844, 5889701
845, 5978888
846, 5918394
847, 5921483
848, 5915740
849, 5877075
850, 5930737
851, 6436030
852, 6319098
853, 6351371
854, 6107684
855, 5807951
856, 5946433
857, 6339926
858, 5946501
859, 6405720
860, 6254526
861, 6081933
862, 6249190
863, 6208617
864, 6382103
865, 6209451
866, 6409695
867, 6558636
868, 6084901
869, 6450870
870, 6437534
871, 6268059
872, 6165573
873, 6302089
874, 6495033
875, 6238219
876, 6820030
877, 6266769
878, 6505027
879, 6216552
880, 6736352
881, 6671033
882, 6599784
883, 6194252
884, 6286799
885, 6354991
886, 6325368
887, 6903645
888, 6622817
889, 6466704
890, 6684672
891, 6860614
892, 6657720
893, 6557107
894, 6844777
895, 10449171
896, 8899575
897, 6492469
898, 6575357
899, 6768488
900, 6740088
901, 6864230
902, 6815040
903, 6852393
904, 6679112
905, 6478014
906, 7634610
907, 6900315
908, 6885348
909, 6682012
910, 6636965
911, 7064414
912, 7118501
913, 6757072
914, 6759342
915, 6933765
916, 6744668
917, 7325701
918, 6770846
919, 7341762
920, 6920566
921, 6978097
922, 7126911
923, 7134084
924, 6899862
925, 7347738
926, 6989364
927, 7146034
928, 7454525
929, 7173744
930, 7254431
931, 7389531
932, 6972229
933, 7470034
934, 7457858
935, 7246153
936, 6961093
937, 7517748
938, 7352616
939, 7593675
940, 7395739
941, 7287700
942, 7086302
943, 7570092
944, 7471374
945, 7392549
946, 7498250
947, 7221080
948, 7333757
949, 7323969
950, 7528649
951, 7480798
952, 7661615
953, 7581123
954, 7587819
955, 7852640
956, 7349188
957, 7734443
958, 7676399
959, 7813593
960, 7419177
961, 7389489
962, 7280112
963, 7768762
964, 7963880
965, 7620074
966, 9047167
967, 7639198
968, 7716355
969, 7796062
970, 8101276
971, 8072060
972, 7701908
973, 7738593
974, 8074224
975, 12078800
976, 8520522
977, 7731341
978, 7859072
979, 7763946
980, 7975310
981, 8498953
982, 7735463
983, 8162435
984, 8279911
985, 7952465
986, 7891962
987, 7897586
988, 8090617
989, 8156466
990, 7938121
991, 7963250
992, 8018512
993, 8253358
994, 8071914
995, 7782901
996, 8056111
997, 8034055
998, 8248888
999, 8653786
1000, 8061587
