1000 1173107
2000 3362511
3000 7530524
4000 12944124
5000 20326302
6000 28457002
7000 39251981
8000 49691800
9000 63527263
10000 82834831
11000 94267779
12000 113092367
13000 133396949
14000 154873867
15000 182927713
16000 235706607
17000 244343516
18000 275899410
19000 309284868
20000 351202454
21000 400755533
22000 456529363
23000 497397515
24000 520305069
25000 617336980
26000 667877446
27000 1103406537
28000 876084358
29000 913042192
30000 1004541103
31000 1073600691
32000 1154192396
33000 1229387894
34000 1299121484
35000 1543940133
36000 1555766672
37000 1710141201
38000 1697418748
39000 1888419670
40000 1949724667
41000 2123887802
42000 2302124053
43000 2460505338
44000 2637185024
45000 2775367972
46000 2752470852
47000 3311004663
48000 3453534646
49000 3361537503
50000 3432743825
